Sref = 143.903061
Cref = 3.918
Bref = 38.300000
X_cg = 10.183607
Y_cg = 0.000081
Z_cg = -0.036126
Mach = 0.21
AoA = 5.0
Beta = 0.000000
Vinf = 303.8058
Rho = 0.00186846
ReCref = 6.220E+06
ClMax = -1.000000
Symmetry = no
FarDist = -1.000000
NumWakeNodes = 0
WakeIters = 5
NumberOfRotors= 1
PropElement_1
1
1.15 0 0
1.00  0.00 0.00
3.25
0.5
-2600
0.057797173
0.07248844  